//radio exterior
30
//cantidad de angulos
39
//cantidad de radios(contando el centro)
39
//temperatura interior
5000
//temperatura infinito
30
//constante K
1
//constante H
0.05
//definicion de la funcion de temperatura. t(gk,k) = Ti, num angulo, num radio
10
11
12
13
15
17
20
22
24
26
26
26
24
22
20
22
22
20
18
17
18
19
20
22
24
26
26
26
22
20
18
17
16
15
14
13
12
11
10



X = [  0 0 0 0 0 0 0 0 0 0 0 0 0 0 0 0 0 0 0 0 0 0 0 0 0 0 0 0 0 0 0 0 0 0 0 0 0 0 0 0 0 0 0 0 0 0 0 0 0 0 0 0 0 0 0 0 0 0 0 0 0 0 0 0 0 0 0 0 0 0 0 0 0 0 0 0 0 0 1 0 0 0 0 0 0 0 0 0 0 0 0 0 0 0 0 0 0 -1 0 0 0 0 0 0 0 0 0 0 0 0 0 0 0 0 0 0 1 2 1 1 1 1 1 1 0 0 0 0 0 0 -1 -1 -1 -1 -1 -1 -2 -1 -1 -1 -1 -1 -1 0 0 0 0 0 0 1 1 1 1 1 1 2 3 2 2 2 2 2 1 1 0 0 0 0 -1 -1 -2 -2 -2 -2 -2 -3 -2 -2 -2 -2 -2 -1 -1 0 0 0 0 1 1 2 2 2 2 2 3 3 2 2 2 2 2 1 1 0 0 0 0 -1 -1 -2 -2 -2 -2 -2 -3 -2 -2 -2 -2 -2 -1 -1 0 0 0 0 1 1 2 2 2 2 2 3 4 3 3 3 3 2 2 1 0 0 0 0 -1 -2 -2 -3 -3 -3 -3 -4 -3 -3 -3 -3 -2 -2 -1 0 0 0 0 1 2 2 3 3 3 3 4 5 4 4 4 3 3 2 2 1 0 0 -1 -2 -2 -3 -3 -4 -4 -4 -5 -4 -4 -4 -3 -3 -2 -2 -1 0 0 1 2 2 3 3 4 4 4 5 6 5 5 5 4 4 3 2 1 0 0 -1 -2 -3 -4 -4 -5 -5 -5 -6 -5 -5 -5 -4 -4 -3 -2 -1 0 0 1 2 3 4 4 5 5 5 6 6 5 5 5 4 4 3 2 1 0 0 -1 -2 -3 -4 -4 -5 -5 -5 -6 -5 -5 -5 -4 -4 -3 -2 -1 0 0 1 2 3 4 4 5 5 5 6 7 6 6 6 5 4 3 2 1 0 0 -1 -2 -3 -4 -5 -6 -6 -6 -7 -6 -6 -6 -5 -4 -3 -2 -1 0 0 1 2 3 4 5 6 6 6 7 8 7 7 7 6 5 4 3 1 0 0 -1 -3 -4 -5 -6 -7 -7 -7 -8 -7 -7 -7 -6 -5 -4 -3 -1 0 0 1 3 4 5 6 7 7 7 8 9 8 8 7 7 6 4 3 2 0 0 -2 -3 -4 -6 -7 -7 -8 -8 -9 -8 -8 -7 -7 -6 -4 -3 -2 0 0 2 3 4 6 7 7 8 8 9 10 9 9 8 7 6 5 4 2 0 0 -2 -4 -5 -6 -7 -8 -9 -9 -10 -9 -9 -8 -7 -6 -5 -4 -2 0 0 2 4 5 6 7 8 9 9 10 10 9 9 8 7 6 5 4 2 0 0 -2 -4 -5 -6 -7 -8 -9 -9 -10 -9 -9 -8 -7 -6 -5 -4 -2 0 0 2 4 5 6 7 8 9 9 10 11 10 10 9 8 7 6 4 2 0 0 -2 -4 -6 -7 -8 -9 -10 -10 -11 -10 -10 -9 -8 -7 -6 -4 -2 0 0 2 4 6 7 8 9 10 10 11 12 11 11 10 9 8 6 4 2 0 0 -2 -4 -6 -8 -9 -10 -11 -11 -12 -11 -11 -10 -9 -8 -6 -4 -2 0 0 2 4 6 8 9 10 11 11 12 13 12 12 11 10 8 7 5 3 1 -1 -3 -5 -7 -8 -10 -11 -12 -12 -13 -12 -12 -11 -10 -8 -7 -5 -3 -1 1 3 5 7 8 10 11 12 12 13 13 12 12 11 10 8 7 5 3 1 -1 -3 -5 -7 -8 -10 -11 -12 -12 -13 -12 -12 -11 -10 -8 -7 -5 -3 -1 1 3 5 7 8 10 11 12 12 13 14 13 13 12 11 9 7 5 3 1 -1 -3 -5 -7 -9 -11 -12 -13 -13 -14 -13 -13 -12 -11 -9 -7 -5 -3 -1 1 3 5 7 9 11 12 13 13 14 15 14 14 13 11 10 8 6 3 1 -1 -3 -6 -8 -10 -11 -13 -14 -14 -15 -14 -14 -13 -11 -10 -8 -6 -3 -1 1 3 6 8 10 11 13 14 14 15 16 15 15 14 12 10 8 6 3 1 -1 -3 -6 -8 -10 -12 -14 -15 -15 -16 -15 -15 -14 -12 -10 -8 -6 -3 -1 1 3 6 8 10 12 14 15 15 16 16 15 15 14 12 10 8 6 3 1 -1 -3 -6 -8 -10 -12 -14 -15 -15 -16 -15 -15 -14 -12 -10 -8 -6 -3 -1 1 3 6 8 10 12 14 15 15 16 17 16 16 14 13 11 9 6 4 1 -1 -4 -6 -9 -11 -13 -14 -16 -16 -17 -16 -16 -14 -13 -11 -9 -6 -4 -1 1 4 6 9 11 13 14 16 16 17 18 17 17 15 14 12 9 7 4 1 -1 -4 -7 -9 -12 -14 -15 -17 -17 -18 -17 -17 -15 -14 -12 -9 -7 -4 -1 1 4 7 9 12 14 15 17 17 18 19 18 17 16 14 12 10 7 4 1 -1 -4 -7 -10 -12 -14 -16 -17 -18 -19 -18 -17 -16 -14 -12 -10 -7 -4 -1 1 4 7 10 12 14 16 17 18 19 20 19 18 17 15 13 10 8 4 1 -1 -4 -8 -10 -13 -15 -17 -18 -19 -20 -19 -18 -17 -15 -13 -10 -8 -4 -1 1 4 8 10 13 15 17 18 19 20 20 19 18 17 15 13 10 8 4 1 -1 -4 -8 -10 -13 -15 -17 -18 -19 -20 -19 -18 -17 -15 -13 -10 -8 -4 -1 1 4 8 10 13 15 17 18 19 20 21 20 19 18 16 14 11 8 5 1 -1 -5 -8 -11 -14 -16 -18 -19 -20 -21 -20 -19 -18 -16 -14 -11 -8 -5 -1 1 5 8 11 14 16 18 19 20 21 22 21 20 19 17 14 12 8 5 1 -1 -5 -8 -12 -14 -17 -19 -20 -21 -22 -21 -20 -19 -17 -14 -12 -8 -5 -1 1 5 8 12 14 17 19 20 21 22 23 22 21 20 18 15 12 9 5 1 -1 -5 -9 -12 -15 -18 -20 -21 -22 -23 -22 -21 -20 -18 -15 -12 -9 -5 -1 1 5 9 12 15 18 20 21 22 23 23 22 21 20 18 15 12 9 5 1 -1 -5 -9 -12 -15 -18 -20 -21 -22 -23 -22 -21 -20 -18 -15 -12 -9 -5 -1 1 5 9 12 15 18 20 21 22 23 24 23 22 21 18 16 13 9 5 1 -1 -5 -9 -13 -16 -18 -21 -22 -23 -24 -23 -22 -21 -18 -16 -13 -9 -5 -1 1 5 9 13 16 18 21 22 23 24 25 24 23 21 19 16 13 10 6 2 -2 -6 -10 -13 -16 -19 -21 -23 -24 -25 -24 -23 -21 -19 -16 -13 -10 -6 -2 2 6 10 13 16 19 21 23 24 25 26 25 24 22 20 17 14 10 6 2 -2 -6 -10 -14 -17 -20 -22 -24 -25 -26 -25 -24 -22 -20 -17 -14 -10 -6 -2 2 6 10 14 17 20 22 24 25 26 26 25 24 22 20 17 14 10 6 2 -2 -6 -10 -14 -17 -20 -22 -24 -25 -26 -25 -24 -22 -20 -17 -14 -10 -6 -2 2 6 10 14 17 20 22 24 25 26 27 26 25 23 21 18 14 10 6 2 -2 -6 -10 -14 -18 -21 -23 -25 -26 -27 -26 -25 -23 -21 -18 -14 -10 -6 -2 2 6 10 14 18 21 23 25 26 27 28 27 26 24 22 18 15 11 6 2 -2 -6 -11 -15 -18 -22 -24 -26 -27 -28 -27 -26 -24 -22 -18 -15 -11 -6 -2 2 6 11 15 18 22 24 26 27 28 29 28 27 25 22 19 15 11 7 2 -2 -7 -11 -15 -19 -22 -25 -27 -28 -29 -28 -27 -25 -22 -19 -15 -11 -7 -2 2 7 11 15 19 22 25 27 28 29]; 

Y =[  0 0 0 0 0 0 0 0 0 0 0 0 0 0 0 0 0 0 0 0 0 0 0 0 0 0 0 0 0 0 0 0 0 0 0 0 0 0 0 0 0 0 0 0 0 0 0 0 0 0 0 0 0 0 0 0 0 0 0 0 0 0 0 0 0 0 0 0 0 0 0 0 0 0 0 0 0 0 0 0 0 0 0 0 0 0 0 0 0 0 0 0 0 0 0 0 0 0 0 0 0 0 0 0 0 0 0 0 0 0 0 0 0 0 0 0 0 0 0 0 0 1 1 1 1 1 1 1 1 1 1 1 1 0 0 0 0 0 0 0 -1 -1 -1 -1 -1 -1 -1 -1 -1 -1 -1 -1 0 0 0 0 0 0 0 1 1 2 2 2 2 2 2 2 2 2 2 1 1 0 0 0 0 0 -1 -1 -2 -2 -2 -2 -2 -2 -2 -2 -2 -2 -1 -1 0 0 0 0 0 0 1 1 2 2 2 2 2 2 2 2 2 2 1 1 0 0 0 0 0 -1 -1 -2 -2 -2 -2 -2 -2 -2 -2 -2 -2 -1 -1 0 0 0 0 0 1 1 2 2 3 3 3 3 3 3 3 3 2 2 1 1 0 0 0 -1 -1 -2 -2 -3 -3 -3 -3 -3 -3 -3 -3 -2 -2 -1 -1 0 0 0 0 1 2 3 3 4 4 4 4 4 4 4 4 3 3 2 1 0 0 0 -1 -2 -3 -3 -4 -4 -4 -4 -4 -4 -4 -4 -3 -3 -2 -1 0 0 0 0 1 2 3 4 5 5 5 5 5 5 5 5 4 3 2 1 0 0 0 -1 -2 -3 -4 -5 -5 -5 -5 -5 -5 -5 -5 -4 -3 -2 -1 0 0 0 0 1 2 3 4 5 5 5 5 5 5 5 5 4 3 2 1 0 0 0 -1 -2 -3 -4 -5 -5 -5 -5 -5 -5 -5 -5 -4 -3 -2 -1 0 0 0 1 2 3 4 5 5 6 6 6 6 6 6 5 5 4 3 2 1 0 -1 -2 -3 -4 -5 -5 -6 -6 -6 -6 -6 -6 -5 -5 -4 -3 -2 -1 0 0 1 2 3 4 5 6 7 7 7 7 7 7 6 5 4 3 2 1 0 -1 -2 -3 -4 -5 -6 -7 -7 -7 -7 -7 -7 -6 -5 -4 -3 -2 -1 0 0 1 2 4 5 6 7 8 8 8 8 8 8 7 6 5 4 2 1 0 -1 -2 -4 -5 -6 -7 -8 -8 -8 -8 -8 -8 -7 -6 -5 -4 -2 -1 0 0 1 3 4 6 7 8 9 9 9 9 9 9 8 7 6 4 3 1 0 -1 -3 -4 -6 -7 -8 -9 -9 -9 -9 -9 -9 -8 -7 -6 -4 -3 -1 0 0 1 3 4 6 7 8 9 9 9 9 9 9 8 7 6 4 3 1 0 -1 -3 -4 -6 -7 -8 -9 -9 -9 -9 -9 -9 -8 -7 -6 -4 -3 -1 0 0 1 3 5 6 8 9 10 10 10 10 10 10 9 8 6 5 3 1 0 -1 -3 -5 -6 -8 -9 -10 -10 -10 -10 -10 -10 -9 -8 -6 -5 -3 -1 0 0 1 3 5 7 8 10 10 11 11 11 11 10 10 8 7 5 3 1 0 -1 -3 -5 -7 -8 -10 -10 -11 -11 -11 -11 -10 -10 -8 -7 -5 -3 -1 0 0 2 4 6 7 9 10 11 12 12 12 12 11 10 9 7 6 4 2 0 -2 -4 -6 -7 -9 -10 -11 -12 -12 -12 -12 -11 -10 -9 -7 -6 -4 -2 0 0 2 4 6 7 9 10 11 12 12 12 12 11 10 9 7 6 4 2 0 -2 -4 -6 -7 -9 -10 -11 -12 -12 -12 -12 -11 -10 -9 -7 -6 -4 -2 0 0 2 4 6 8 10 11 12 13 13 13 13 12 11 10 8 6 4 2 0 -2 -4 -6 -8 -10 -11 -12 -13 -13 -13 -13 -12 -11 -10 -8 -6 -4 -2 0 0 2 4 7 9 11 12 13 14 14 14 14 13 12 11 9 7 4 2 0 -2 -4 -7 -9 -11 -12 -13 -14 -14 -14 -14 -13 -12 -11 -9 -7 -4 -2 0 0 2 5 7 9 11 13 14 15 15 15 15 14 13 11 9 7 5 2 0 -2 -5 -7 -9 -11 -13 -14 -15 -15 -15 -15 -14 -13 -11 -9 -7 -5 -2 0 0 2 5 7 9 11 13 14 15 15 15 15 14 13 11 9 7 5 2 0 -2 -5 -7 -9 -11 -13 -14 -15 -15 -15 -15 -14 -13 -11 -9 -7 -5 -2 0 0 2 5 8 10 12 14 15 16 16 16 16 15 14 12 10 8 5 2 0 -2 -5 -8 -10 -12 -14 -15 -16 -16 -16 -16 -15 -14 -12 -10 -8 -5 -2 0 0 2 5 8 11 13 15 16 17 17 17 17 16 15 13 11 8 5 2 0 -2 -5 -8 -11 -13 -15 -16 -17 -17 -17 -17 -16 -15 -13 -11 -8 -5 -2 0 0 3 6 9 11 13 15 17 18 18 18 18 17 15 13 11 9 6 3 0 -3 -6 -9 -11 -13 -15 -17 -18 -18 -18 -18 -17 -15 -13 -11 -9 -6 -3 0 0 3 6 9 12 14 16 18 19 19 19 19 18 16 14 12 9 6 3 0 -3 -6 -9 -12 -14 -16 -18 -19 -19 -19 -19 -18 -16 -14 -12 -9 -6 -3 0 0 3 6 9 12 14 16 18 19 19 19 19 18 16 14 12 9 6 3 0 -3 -6 -9 -12 -14 -16 -18 -19 -19 -19 -19 -18 -16 -14 -12 -9 -6 -3 0 0 3 6 9 12 15 17 19 20 20 20 20 19 17 15 12 9 6 3 0 -3 -6 -9 -12 -15 -17 -19 -20 -20 -20 -20 -19 -17 -15 -12 -9 -6 -3 0 0 3 7 10 13 16 18 20 21 21 21 21 20 18 16 13 10 7 3 0 -3 -7 -10 -13 -16 -18 -20 -21 -21 -21 -21 -20 -18 -16 -13 -10 -7 -3 0 0 3 7 10 14 16 19 21 22 22 22 22 21 19 16 14 10 7 3 0 -3 -7 -10 -14 -16 -19 -21 -22 -22 -22 -22 -21 -19 -16 -14 -10 -7 -3 0 0 3 7 10 14 16 19 21 22 22 22 22 21 19 16 14 10 7 3 0 -3 -7 -10 -14 -16 -19 -21 -22 -22 -22 -22 -21 -19 -16 -14 -10 -7 -3 0 0 3 7 11 14 17 20 21 23 23 23 23 21 20 17 14 11 7 3 0 -3 -7 -11 -14 -17 -20 -21 -23 -23 -23 -23 -21 -20 -17 -14 -11 -7 -3 0 0 4 8 11 15 18 20 22 24 24 24 24 22 20 18 15 11 8 4 0 -4 -8 -11 -15 -18 -20 -22 -24 -24 -24 -24 -22 -20 -18 -15 -11 -8 -4 0 0 4 8 12 15 19 21 23 25 25 25 25 23 21 19 15 12 8 4 0 -4 -8 -12 -15 -19 -21 -23 -25 -25 -25 -25 -23 -21 -19 -15 -12 -8 -4 0 0 4 8 12 15 19 21 23 25 25 25 25 23 21 19 15 12 8 4 0 -4 -8 -12 -15 -19 -21 -23 -25 -25 -25 -25 -23 -21 -19 -15 -12 -8 -4 0 0 4 8 12 16 19 22 24 26 26 26 26 24 22 19 16 12 8 4 0 -4 -8 -12 -16 -19 -22 -24 -26 -26 -26 -26 -24 -22 -19 -16 -12 -8 -4 0 0 4 9 13 17 20 23 25 27 27 27 27 25 23 20 17 13 9 4 0 -4 -9 -13 -17 -20 -23 -25 -27 -27 -27 -27 -25 -23 -20 -17 -13 -9 -4 0 0 4 9 13 17 21 24 26 28 28 28 28 26 24 21 17 13 9 4 0 -4 -9 -13 -17 -21 -24 -26 -28 -28 -28 -28 -26 -24 -21 -17 -13 -9 -4 0]; 

A = [5000 5000 5000 5000 5000 5000 5000 5000 5000 5000 5000 5000 5000 5000 5000 5000 5000 5000 5000 5000 5000 5000 5000 5000 5000 5000 5000 5000 5000 5000 5000 5000 5000 5000 5000 5000 5000 5000 5000 5000 5000 5000 5000 5000 5000 5000 5000 5000 5000 5000 5000 5000 5000 5000 5000 5000 5000 5000 5000 5000 5000 5000 5000 5000 5000 5000 5000 5000 5000 5000 5000 5000 5000 5000 5000 5000 5000 5000 5000 5000 5000 5000 5000 5000 5000 5000 5000 5000 5000 5000 5000 5000 5000 5000 5000 5000 5000 5000 5000 5000 5000 5000 5000 5000 5000 5000 5000 5000 5000 5000 5000 5000 5000 5000 5000 5000 5000 5000 5000 5000 5000 5000 5000 5000 5000 5000 5000 5000 5000 5000 5000 5000 5000 5000 5000 5000 5000 5000 5000 5000 5000 5000 5000 5000 5000 5000 5000 5000 5000 5000 5000 5000 5000 5000 5000 5000 5000 5000 5000 5000 5000 5000 5000 5000 5000 5000 5000 5000 5000 5000 5000 5000 5000 5000 5000 5000 5000 5000 5000 5000 5000 5000 5000 5000 5000 5000 5000 5000 5000 5000 5000 5000 5000 5000 5000 5000 5000 5000 5000 5000 5000 5000 5000 5000 5000 5000 5000 5000 5000 5000 5000 5000 5000 5000 5000 5000 5000 5000 5000 5000 5000 5000 5000 5000 5000 5000 5000 5000 5000 5000 5000 5000 5000 5000 5000 5000 5000 5000 5000 5000 5000 5000 5000 5000 5000 5000 5000 5000 5000 5000 5000 5000 5000 5000 5000 5000 5000 5000 5000 5000 5000 5000 5000 5000 5000 5000 5000 5000 5000 5000 5000 5000 5000 5000 5000 5000 5000 5000 5000 5000 5000 5000 5000 5000 5000 5000 5000 5000 5000 5000 5000 5000 5000 5000 5000 5000 5000 5000 5000 5000 5000 5000 5000 5000 5000 5000 5000 5000 5000 5000 5000 5000 5000 5000 5000 5000 5000 5000 5000 5000 5000 5000 5000 5000 5000 5000 5000 5000 5000 5000 5000 5000 5000 5000 5000 5000 5000 5000 5000 5000 5000 5000 5000 5000 5000 5000 5000 5000 5000 5000 5000 5000 5000 5000 5000 5000 5000 5000 5000 5000 5000 5000 5000 5000 5000 5000 5000 5000 5000 5000 5000 5000 5000 5000 5000 5000 5000 5000 5000 5000 5000 5000 5000 5000 5000 5000 5000 5000 5000 5000 5000 5000 5000 5000 5000 5000 5000 5000 5000 5000 5000 5000 5000 5000 5000 5000 5000 5000 5000 5000 5000 5000 5000 5000 5000 5000 5000 5000 5000 5000 5000 5000 5000 5000 5000 5000 5000 5000 5000 4940.2 5000 5000 5000 5000 5000 5000 5000 5000 5000 5000 5000 5000 5000 5000 5000 5000 5000 5000 5000 5000 5000 5000 5000 5000 5000 5000 5000 5000 5000 5000 5000 5000 5000 5000 5000 5000 5000 4891.29 4847.75 4893.25 5000 5000 5000 5000 5000 5000 5000 5000 5000 5000 5000 5000 5000 5000 5000 5000 5000 5000 5000 5000 5000 5000 5000 5000 5000 5000 5000 5000 5000 5000 5000 5000 5000 5000 5000 4862.19 4771.72 4739.19 4779 4874.62 5000 5000 5000 5000 5000 5000 5000 5000 5000 5000 5000 5000 5000 5000 5000 5000 5000 5000 5000 5000 5000 5000 5000 5000 5000 5000 5000 5000 5000 5000 5000 5000 5000 4844.05 4723.21 4646.61 4622.49 4660.82 4752.09 4879.77 5000 5000 5000 5000 5000 5000 5000 5000 5000 5000 5000 5000 5000 5000 5000 5000 5000 5000 5000 5000 5000 5000 5000 5000 5000 5000 5000 5000 5000 5000 5000 4833.12 4692.09 4584.82 4519.17 4501.85 4540.67 4631.16 4769.59 5000 5000 5000 5000 5000 5000 5000 5000 5000 5000 5000 5000 5000 5000 5000 5000 5000 5000 5000 5000 5000 5000 5000 5000 5000 5000 5000 5000 5000 5000 4827.31 4673.08 4544.34 4448.15 4391.32 4379.63 4419.68 4510.09 4651.01 4856.62 5000 5000 5000 5000 5000 5000 5000 5000 5000 5000 5000 5000 5000 5000 5000 5000 5000 5000 5000 5000 5000 5000 5000 5000 5000 5000 5000 5000 4825.44 4662.98 4519.35 4400.88 4313.84 4264.27 4257.27 4298.67 4388.98 4530.1 4731.58 5000 5000 5000 5000 5000 5000 5000 5000 5000 5000 5000 5000 5000 5000 5000 5000 5000 5000 5000 5000 5000 5000 5000 5000 5000 5000 5000 4827.2 4659.97 4506.08 4371.43 4261.64 4182.29 4138.75 4135.65 4178.27 4268.23 4408.25 4604.96 4853.49 5000 5000 5000 5000 5000 5000 5000 5000 5000 5000 5000 5000 5000 4912.72 5000 5000 5000 5000 5000 5000 5000 5000 5000 5000 5000 4833.86 4663.82 4502.46 4355.84 4228.91 4126.54 4053.71 4015.23 4015.36 4058.92 4148.23 4286.44 4479.22 4727.24 5000 5000 5000 5000 5000 5000 5000 5000 5000 5000 5000 5000 4884.99 4809.53 4871.65 5000 5000 5000 5000 5000 5000 5000 5000 5000 4853.27 4677.41 4508.49 4351.95 4211.61 4091.38 3995.44 3928.18 3893.97 3896.76 3940.97 4029.32 4165.21 4354.2 4605 5000 5000 5000 5000 5000 5000 5000 5000 5000 5000 5000 5000 4771.81 4697.1 4742.99 4856.79 5000 5000 5000 5000 5000 5000 5000 5000 4717.36 4528.46 4360.02 4207.63 4072.83 3958.49 3868.17 3805.74 3775.15 3780.1 3824.67 3911.78 4044.92 4229.48 4474.99 4817.22 5000 5000 5000 5000 5000 5000 5000 4918.37 5000 5000 4842.22 4649.5 4578.66 4614.23 4717.91 4861.85 5000 5000 5000 5000 5000 5000 4839.44 4579.23 4384.99 4217.42 4068.83 3939.01 3829.94 3744.58 3686.35 3658.84 3665.54 3710.19 3795.82 3925.88 4105.37 4342.71 4657.08 5000 5000 5000 5000 5000 5000 5000 4826.37 5000 5000 4695.02 4522.38 4456.57 4485.64 4582.13 4730.79 5000 5000 5000 5000 5000 5000 4695.24 4441.9 4246.01 4079.95 3935 3809.75 3705.44 3624.51 3569.96 3545.09 3553.16 3597.65 3681.59 3808.31 3982.3 4210.32 4501.94 4817.31 5000 5000 5000 5000 5000 4857.3 4710.9 4800.04 4776.23 4543.96 4392.52 4332.48 4357.53 4448.37 4596.09 4836.92 5000 5000 5000 5000 4845.47 4553.5 4306.25 4110.98 3947.05 3805.68 3684.7 3584.74 3507.79 3456.5 3433.88 3443.02 3487.13 3569.21 3692.41 3860.64 4079.04 4351.82 4652.22 5000 5000 5000 5000 5000 4721.07 4583.3 4616.99 4577.37 4393.59 4261.66 4207.59 4230.2 4316.28 4460.46 4686.59 5000 5000 5000 5000 4707.67 4414.66 4172.71 3979.54 3818.28 3680.5 3563.55 3467.61 3394.27 3345.89 3325.19 3335.12 3378.68 3458.77 3578.32 3740.7 3949.61 4206.1 4490.85 4808.3 5000 5000 5000 4826.13 4581.08 4449.54 4446.48 4396.43 4246.02 4131.04 4082.77 4103.92 4185.81 4325 4536.69 4817.17 5000 5000 5000 4575.65 4278.19 4041.47 3851.44 3693.31 3559.15 3446.05 3353.85 3283.82 3238.03 3218.99 3229.47 3272.31 3350.31 3466.16 3622.69 3822.41 4064.48 4333.91 4632.02 5000 5000 5000 4663.59 4439.69 4313.22 4285.68 4228.92 4102.16 4001.53 3958.67 3978.96 4057.02 4190.49 4388.55 4647.68 5000 5000 5000 4441.1 4143.43 3912.61 3726.49 3571.86 3441.35 3331.96 3243.27 3176.29 3132.84 3115.21 3126.04 3168.03 3243.87 3356 3506.75 3697.7 3926.74 4181.37 4458.53 4761.61 4789.71 4769.18 4500.9 4298.18 4176.51 4132.73 4071.85 3962.35 3873.72 3835.73 3855.51 3930.03 4057.47 4242.62 4479.39 4762.92 4782.69 4741.5 4296.83 4010.05 3786.15 3604.56 3453.71 3326.88 3221.08 3135.71 3071.56 3030.23 3013.8 3024.79 3065.82 3139.45 3247.87 3392.98 3575.59 3792.75 4033.3 4290.1 4546.59 4589.79 4560.01 4340.77 4157.64 4040.74 3986.35 3923.16 3826.61 3747.96 3714.3 3733.73 3804.95 3926.33 4099.37 4314.86 4548.55 4576.64 4513.89 4149.56 3878.29 3662.14 3485.52 3338.67 3215.53 3113.23 3031.01 2969.5 2930.1 2914.7 2925.68 2965.66 3037.05 3141.8 3281.44 3456.14 3662.39 3889.71 4127.7 4349.72 4400.59 4367.61 4184.58 4018.86 3906.74 3845.63 3781.42 3694.84 3624.48 3594.6 3613.77 3681.86 3797.34 3959.15 4155.32 4351.95 4382.42 4309.24 4002.97 3748.52 3540.62 3369.27 3226.56 3107.14 3008.24 2929.03 2869.99 2832.36 2817.84 2828.66 2867.52 2936.65 3037.79 3172.13 3339.37 3535.57 3750.59 3971.63 4167.49 4221.75 4188.72 4032.98 3882.4 3775.03 3709.91 3645.59 3566.87 3503.4 3476.78 3495.69 3560.86 3670.67 3822.18 4001.25 4169.74 4199.64 4122.31 3859.07 3621.1 3421.61 3255.71 3117.26 3001.55 2905.96 2829.65 2772.94 2736.94 2723.16 2733.67 2771.35 2838.23 2935.83 3065.06 3225.24 3412.17 3615.84 3821.85 3997.39 4052.62 4021.05 3886.22 3748.65 3645.91 3578.67 3514.91 3442.51 3384.78 3360.93 3379.58 3441.97 3546.44 3688.61 3852.78 3999.53 4027.55 3949.58 3718.88 3496.27 3305.13 3144.77 3010.63 2898.61 2806.28 2732.74 2678.24 2643.74 2630.6 2640.66 2677.11 2741.75 2835.89 2960.2 3113.73 3292.08 3485.35 3678.11 3837.6 3892.42 3862.93 3744.3 3617.81 3519.52 3451.53 3388.79 3321.58 3268.63 3247.12 3265.45 3325.23 3424.71 3558.46 3709.79 3839.57 3865.26 3788.55 3582.89 3374.22 3191.17 3036.35 2906.55 2798.21 2709.05 2638.19 2585.79 2552.7 2540.09 2549.56 2584.76 2647.18 2737.93 2857.52 3004.77 3175.17 3358.96 3540.12 3686.74 3740.39 3713.1 3607.12 3490.01 3395.94 3328.16 3266.78 3203.89 3154.93 3135.37 3153.33 3210.65 3305.48 3431.72 3572.08 3688.53 3711.89 3637.39 3451.26 3255.01 3079.71 2930.38 2804.91 2700.22 2614.18 2545.9 2495.5 2463.73 2451.58 2460.31 2494.24 2554.47 2641.93 2756.97 2898.3 3061.34 3236.49 3407.54 3543.74 3595.84 3570.6 3474.48 3365.25 3275.18 3208.31 3148.52 3089.27 3043.63 3025.68 3043.22 3098.21 3188.77 3308.32 3439.39 3545.36 3566.63 3494.77 3323.99 3138.67 2970.71 2826.78 2705.62 2604.54 2521.55 2455.77 2407.29 2376.76 2365.02 2372.85 2405.51 2463.57 2547.83 2658.5 2794.23 2950.45 3117.75 3280.01 3407.75 3458.12 3434.65 3346.18 3243.53 3157.2 3091.74 3033.72 2977.57 2934.69 2918.03 2935.1 2987.89 3074.51 3188.16 3311.44 3409.23 3428.75 3359.64 3200.93 3025.17 2864.12 2725.47 2608.58 2511.07 2431.07 2367.72 2321.08 2291.72 2280.35 2287.1 2318.52 2374.46 2455.58 2562.06 2692.49 2842.38 3002.57 3157.22 3278.08 3326.65 3304.63 3221.99 3124.78 3041.93 2978.27 2922.14 2868.65 2828.03 2812.39 2828.94 2879.66 2962.68 3071.13 3187.94 3279.44 3297.6 3231.18 3081.93 2914.46 2759.86 2626.36 2513.71 2419.73 2342.65 2281.66 2236.78 2208.55 2197.53 2203.01 2233.21 2287.07 2365.15 2467.59 2592.99 2737.01 2890.75 3038.84 3154.17 3200.93 3180.03 3101.69 3008.9 2929.3 2867.73 2813.58 2762.36 2723.59 2708.73 2724.71 2773.48 2853.19 2957.11 3068.63 3155.44 3172.6 3108.76 2966.78 2806.44 2657.88 2529.39 2420.91 2330.41 2256.21 2197.51 2154.33 2127.17 2116.51 2120.49 2149.55 2201.35 2276.47 2375.02 2495.66 2634.21 2782.12 2924.58 3035.53 3080.52 3060.41 2985.04 2895.77 2819.2 2759.97 2707.88 2658.6 2621.3 2607.01 2622.38 2669.3 2745.98 2845.95 2953.24 3036.76 3053.26 2991.85 2855.26 2701 2558.09 2434.48 2330.12 2243.06 2171.67 2115.2 2073.66 2047.53 2037.28 ];


surf(meshX, meshY, meshZ),shading interp,colormap(jet(256)), lighting phong,colorbar,title 'Difusion del calor en un Alto Horno para Acero',zlabel('temperatura *C'),xlabel('X = R*cos(Theta)'), ylabel('Y = R*sin(theta)');