//radio exterior
30
//cantidad de angulos
39
//cantidad de radios(contando el centro)
39
//temperatura interior
5000
//temperatura infinito
16
//constante K
1
//constante H
0.05
//definicion de la funcion de temperatura. t(gk,k) = Ti, num angulo, num radio
10
11
12
13
15
17
20
22
24
26
26
26
24
22
20
22
22
20
18
17
18
19
20
22
24
26
26
26
22
20
18
17
16
15
14
13
12
11
10


X = [  0 0 0 0 0 0 0 0 0 0 0 0 0 0 0 0 0 0 0 0 0 0 0 0 0 0 0 0 0 0 0 0 0 0 0 0 0 0 0 0 0 0 0 0 0 0 0 0 0 0 0 0 0 0 0 0 0 0 0 0 0 0 0 0 0 0 0 0 0 0 0 0 0 0 0 0 0 0 1 0 0 0 0 0 0 0 0 0 0 0 0 0 0 0 0 0 0 -1 0 0 0 0 0 0 0 0 0 0 0 0 0 0 0 0 0 0 1 2 1 1 1 1 1 1 0 0 0 0 0 0 -1 -1 -1 -1 -1 -1 -2 -1 -1 -1 -1 -1 -1 0 0 0 0 0 0 1 1 1 1 1 1 2 3 2 2 2 2 2 1 1 0 0 0 0 -1 -1 -2 -2 -2 -2 -2 -3 -2 -2 -2 -2 -2 -1 -1 0 0 0 0 1 1 2 2 2 2 2 3 3 2 2 2 2 2 1 1 0 0 0 0 -1 -1 -2 -2 -2 -2 -2 -3 -2 -2 -2 -2 -2 -1 -1 0 0 0 0 1 1 2 2 2 2 2 3 4 3 3 3 3 2 2 1 0 0 0 0 -1 -2 -2 -3 -3 -3 -3 -4 -3 -3 -3 -3 -2 -2 -1 0 0 0 0 1 2 2 3 3 3 3 4 5 4 4 4 3 3 2 2 1 0 0 -1 -2 -2 -3 -3 -4 -4 -4 -5 -4 -4 -4 -3 -3 -2 -2 -1 0 0 1 2 2 3 3 4 4 4 5 6 5 5 5 4 4 3 2 1 0 0 -1 -2 -3 -4 -4 -5 -5 -5 -6 -5 -5 -5 -4 -4 -3 -2 -1 0 0 1 2 3 4 4 5 5 5 6 6 5 5 5 4 4 3 2 1 0 0 -1 -2 -3 -4 -4 -5 -5 -5 -6 -5 -5 -5 -4 -4 -3 -2 -1 0 0 1 2 3 4 4 5 5 5 6 7 6 6 6 5 4 3 2 1 0 0 -1 -2 -3 -4 -5 -6 -6 -6 -7 -6 -6 -6 -5 -4 -3 -2 -1 0 0 1 2 3 4 5 6 6 6 7 8 7 7 7 6 5 4 3 1 0 0 -1 -3 -4 -5 -6 -7 -7 -7 -8 -7 -7 -7 -6 -5 -4 -3 -1 0 0 1 3 4 5 6 7 7 7 8 9 8 8 7 7 6 4 3 2 0 0 -2 -3 -4 -6 -7 -7 -8 -8 -9 -8 -8 -7 -7 -6 -4 -3 -2 0 0 2 3 4 6 7 7 8 8 9 10 9 9 8 7 6 5 4 2 0 0 -2 -4 -5 -6 -7 -8 -9 -9 -10 -9 -9 -8 -7 -6 -5 -4 -2 0 0 2 4 5 6 7 8 9 9 10 10 9 9 8 7 6 5 4 2 0 0 -2 -4 -5 -6 -7 -8 -9 -9 -10 -9 -9 -8 -7 -6 -5 -4 -2 0 0 2 4 5 6 7 8 9 9 10 11 10 10 9 8 7 6 4 2 0 0 -2 -4 -6 -7 -8 -9 -10 -10 -11 -10 -10 -9 -8 -7 -6 -4 -2 0 0 2 4 6 7 8 9 10 10 11 12 11 11 10 9 8 6 4 2 0 0 -2 -4 -6 -8 -9 -10 -11 -11 -12 -11 -11 -10 -9 -8 -6 -4 -2 0 0 2 4 6 8 9 10 11 11 12 13 12 12 11 10 8 7 5 3 1 -1 -3 -5 -7 -8 -10 -11 -12 -12 -13 -12 -12 -11 -10 -8 -7 -5 -3 -1 1 3 5 7 8 10 11 12 12 13 13 12 12 11 10 8 7 5 3 1 -1 -3 -5 -7 -8 -10 -11 -12 -12 -13 -12 -12 -11 -10 -8 -7 -5 -3 -1 1 3 5 7 8 10 11 12 12 13 14 13 13 12 11 9 7 5 3 1 -1 -3 -5 -7 -9 -11 -12 -13 -13 -14 -13 -13 -12 -11 -9 -7 -5 -3 -1 1 3 5 7 9 11 12 13 13 14 15 14 14 13 11 10 8 6 3 1 -1 -3 -6 -8 -10 -11 -13 -14 -14 -15 -14 -14 -13 -11 -10 -8 -6 -3 -1 1 3 6 8 10 11 13 14 14 15 16 15 15 14 12 10 8 6 3 1 -1 -3 -6 -8 -10 -12 -14 -15 -15 -16 -15 -15 -14 -12 -10 -8 -6 -3 -1 1 3 6 8 10 12 14 15 15 16 16 15 15 14 12 10 8 6 3 1 -1 -3 -6 -8 -10 -12 -14 -15 -15 -16 -15 -15 -14 -12 -10 -8 -6 -3 -1 1 3 6 8 10 12 14 15 15 16 17 16 16 14 13 11 9 6 4 1 -1 -4 -6 -9 -11 -13 -14 -16 -16 -17 -16 -16 -14 -13 -11 -9 -6 -4 -1 1 4 6 9 11 13 14 16 16 17 18 17 17 15 14 12 9 7 4 1 -1 -4 -7 -9 -12 -14 -15 -17 -17 -18 -17 -17 -15 -14 -12 -9 -7 -4 -1 1 4 7 9 12 14 15 17 17 18 19 18 17 16 14 12 10 7 4 1 -1 -4 -7 -10 -12 -14 -16 -17 -18 -19 -18 -17 -16 -14 -12 -10 -7 -4 -1 1 4 7 10 12 14 16 17 18 19 20 19 18 17 15 13 10 8 4 1 -1 -4 -8 -10 -13 -15 -17 -18 -19 -20 -19 -18 -17 -15 -13 -10 -8 -4 -1 1 4 8 10 13 15 17 18 19 20 20 19 18 17 15 13 10 8 4 1 -1 -4 -8 -10 -13 -15 -17 -18 -19 -20 -19 -18 -17 -15 -13 -10 -8 -4 -1 1 4 8 10 13 15 17 18 19 20 21 20 19 18 16 14 11 8 5 1 -1 -5 -8 -11 -14 -16 -18 -19 -20 -21 -20 -19 -18 -16 -14 -11 -8 -5 -1 1 5 8 11 14 16 18 19 20 21 22 21 20 19 17 14 12 8 5 1 -1 -5 -8 -12 -14 -17 -19 -20 -21 -22 -21 -20 -19 -17 -14 -12 -8 -5 -1 1 5 8 12 14 17 19 20 21 22 23 22 21 20 18 15 12 9 5 1 -1 -5 -9 -12 -15 -18 -20 -21 -22 -23 -22 -21 -20 -18 -15 -12 -9 -5 -1 1 5 9 12 15 18 20 21 22 23 23 22 21 20 18 15 12 9 5 1 -1 -5 -9 -12 -15 -18 -20 -21 -22 -23 -22 -21 -20 -18 -15 -12 -9 -5 -1 1 5 9 12 15 18 20 21 22 23 24 23 22 21 18 16 13 9 5 1 -1 -5 -9 -13 -16 -18 -21 -22 -23 -24 -23 -22 -21 -18 -16 -13 -9 -5 -1 1 5 9 13 16 18 21 22 23 24 25 24 23 21 19 16 13 10 6 2 -2 -6 -10 -13 -16 -19 -21 -23 -24 -25 -24 -23 -21 -19 -16 -13 -10 -6 -2 2 6 10 13 16 19 21 23 24 25 26 25 24 22 20 17 14 10 6 2 -2 -6 -10 -14 -17 -20 -22 -24 -25 -26 -25 -24 -22 -20 -17 -14 -10 -6 -2 2 6 10 14 17 20 22 24 25 26 26 25 24 22 20 17 14 10 6 2 -2 -6 -10 -14 -17 -20 -22 -24 -25 -26 -25 -24 -22 -20 -17 -14 -10 -6 -2 2 6 10 14 17 20 22 24 25 26 27 26 25 23 21 18 14 10 6 2 -2 -6 -10 -14 -18 -21 -23 -25 -26 -27 -26 -25 -23 -21 -18 -14 -10 -6 -2 2 6 10 14 18 21 23 25 26 27 28 27 26 24 22 18 15 11 6 2 -2 -6 -11 -15 -18 -22 -24 -26 -27 -28 -27 -26 -24 -22 -18 -15 -11 -6 -2 2 6 11 15 18 22 24 26 27 28 29 28 27 25 22 19 15 11 7 2 -2 -7 -11 -15 -19 -22 -25 -27 -28 -29 -28 -27 -25 -22 -19 -15 -11 -7 -2 2 7 11 15 19 22 25 27 28 29]; 

Y =[  0 0 0 0 0 0 0 0 0 0 0 0 0 0 0 0 0 0 0 0 0 0 0 0 0 0 0 0 0 0 0 0 0 0 0 0 0 0 0 0 0 0 0 0 0 0 0 0 0 0 0 0 0 0 0 0 0 0 0 0 0 0 0 0 0 0 0 0 0 0 0 0 0 0 0 0 0 0 0 0 0 0 0 0 0 0 0 0 0 0 0 0 0 0 0 0 0 0 0 0 0 0 0 0 0 0 0 0 0 0 0 0 0 0 0 0 0 0 0 0 0 1 1 1 1 1 1 1 1 1 1 1 1 0 0 0 0 0 0 0 -1 -1 -1 -1 -1 -1 -1 -1 -1 -1 -1 -1 0 0 0 0 0 0 0 1 1 2 2 2 2 2 2 2 2 2 2 1 1 0 0 0 0 0 -1 -1 -2 -2 -2 -2 -2 -2 -2 -2 -2 -2 -1 -1 0 0 0 0 0 0 1 1 2 2 2 2 2 2 2 2 2 2 1 1 0 0 0 0 0 -1 -1 -2 -2 -2 -2 -2 -2 -2 -2 -2 -2 -1 -1 0 0 0 0 0 1 1 2 2 3 3 3 3 3 3 3 3 2 2 1 1 0 0 0 -1 -1 -2 -2 -3 -3 -3 -3 -3 -3 -3 -3 -2 -2 -1 -1 0 0 0 0 1 2 3 3 4 4 4 4 4 4 4 4 3 3 2 1 0 0 0 -1 -2 -3 -3 -4 -4 -4 -4 -4 -4 -4 -4 -3 -3 -2 -1 0 0 0 0 1 2 3 4 5 5 5 5 5 5 5 5 4 3 2 1 0 0 0 -1 -2 -3 -4 -5 -5 -5 -5 -5 -5 -5 -5 -4 -3 -2 -1 0 0 0 0 1 2 3 4 5 5 5 5 5 5 5 5 4 3 2 1 0 0 0 -1 -2 -3 -4 -5 -5 -5 -5 -5 -5 -5 -5 -4 -3 -2 -1 0 0 0 1 2 3 4 5 5 6 6 6 6 6 6 5 5 4 3 2 1 0 -1 -2 -3 -4 -5 -5 -6 -6 -6 -6 -6 -6 -5 -5 -4 -3 -2 -1 0 0 1 2 3 4 5 6 7 7 7 7 7 7 6 5 4 3 2 1 0 -1 -2 -3 -4 -5 -6 -7 -7 -7 -7 -7 -7 -6 -5 -4 -3 -2 -1 0 0 1 2 4 5 6 7 8 8 8 8 8 8 7 6 5 4 2 1 0 -1 -2 -4 -5 -6 -7 -8 -8 -8 -8 -8 -8 -7 -6 -5 -4 -2 -1 0 0 1 3 4 6 7 8 9 9 9 9 9 9 8 7 6 4 3 1 0 -1 -3 -4 -6 -7 -8 -9 -9 -9 -9 -9 -9 -8 -7 -6 -4 -3 -1 0 0 1 3 4 6 7 8 9 9 9 9 9 9 8 7 6 4 3 1 0 -1 -3 -4 -6 -7 -8 -9 -9 -9 -9 -9 -9 -8 -7 -6 -4 -3 -1 0 0 1 3 5 6 8 9 10 10 10 10 10 10 9 8 6 5 3 1 0 -1 -3 -5 -6 -8 -9 -10 -10 -10 -10 -10 -10 -9 -8 -6 -5 -3 -1 0 0 1 3 5 7 8 10 10 11 11 11 11 10 10 8 7 5 3 1 0 -1 -3 -5 -7 -8 -10 -10 -11 -11 -11 -11 -10 -10 -8 -7 -5 -3 -1 0 0 2 4 6 7 9 10 11 12 12 12 12 11 10 9 7 6 4 2 0 -2 -4 -6 -7 -9 -10 -11 -12 -12 -12 -12 -11 -10 -9 -7 -6 -4 -2 0 0 2 4 6 7 9 10 11 12 12 12 12 11 10 9 7 6 4 2 0 -2 -4 -6 -7 -9 -10 -11 -12 -12 -12 -12 -11 -10 -9 -7 -6 -4 -2 0 0 2 4 6 8 10 11 12 13 13 13 13 12 11 10 8 6 4 2 0 -2 -4 -6 -8 -10 -11 -12 -13 -13 -13 -13 -12 -11 -10 -8 -6 -4 -2 0 0 2 4 7 9 11 12 13 14 14 14 14 13 12 11 9 7 4 2 0 -2 -4 -7 -9 -11 -12 -13 -14 -14 -14 -14 -13 -12 -11 -9 -7 -4 -2 0 0 2 5 7 9 11 13 14 15 15 15 15 14 13 11 9 7 5 2 0 -2 -5 -7 -9 -11 -13 -14 -15 -15 -15 -15 -14 -13 -11 -9 -7 -5 -2 0 0 2 5 7 9 11 13 14 15 15 15 15 14 13 11 9 7 5 2 0 -2 -5 -7 -9 -11 -13 -14 -15 -15 -15 -15 -14 -13 -11 -9 -7 -5 -2 0 0 2 5 8 10 12 14 15 16 16 16 16 15 14 12 10 8 5 2 0 -2 -5 -8 -10 -12 -14 -15 -16 -16 -16 -16 -15 -14 -12 -10 -8 -5 -2 0 0 2 5 8 11 13 15 16 17 17 17 17 16 15 13 11 8 5 2 0 -2 -5 -8 -11 -13 -15 -16 -17 -17 -17 -17 -16 -15 -13 -11 -8 -5 -2 0 0 3 6 9 11 13 15 17 18 18 18 18 17 15 13 11 9 6 3 0 -3 -6 -9 -11 -13 -15 -17 -18 -18 -18 -18 -17 -15 -13 -11 -9 -6 -3 0 0 3 6 9 12 14 16 18 19 19 19 19 18 16 14 12 9 6 3 0 -3 -6 -9 -12 -14 -16 -18 -19 -19 -19 -19 -18 -16 -14 -12 -9 -6 -3 0 0 3 6 9 12 14 16 18 19 19 19 19 18 16 14 12 9 6 3 0 -3 -6 -9 -12 -14 -16 -18 -19 -19 -19 -19 -18 -16 -14 -12 -9 -6 -3 0 0 3 6 9 12 15 17 19 20 20 20 20 19 17 15 12 9 6 3 0 -3 -6 -9 -12 -15 -17 -19 -20 -20 -20 -20 -19 -17 -15 -12 -9 -6 -3 0 0 3 7 10 13 16 18 20 21 21 21 21 20 18 16 13 10 7 3 0 -3 -7 -10 -13 -16 -18 -20 -21 -21 -21 -21 -20 -18 -16 -13 -10 -7 -3 0 0 3 7 10 14 16 19 21 22 22 22 22 21 19 16 14 10 7 3 0 -3 -7 -10 -14 -16 -19 -21 -22 -22 -22 -22 -21 -19 -16 -14 -10 -7 -3 0 0 3 7 10 14 16 19 21 22 22 22 22 21 19 16 14 10 7 3 0 -3 -7 -10 -14 -16 -19 -21 -22 -22 -22 -22 -21 -19 -16 -14 -10 -7 -3 0 0 3 7 11 14 17 20 21 23 23 23 23 21 20 17 14 11 7 3 0 -3 -7 -11 -14 -17 -20 -21 -23 -23 -23 -23 -21 -20 -17 -14 -11 -7 -3 0 0 4 8 11 15 18 20 22 24 24 24 24 22 20 18 15 11 8 4 0 -4 -8 -11 -15 -18 -20 -22 -24 -24 -24 -24 -22 -20 -18 -15 -11 -8 -4 0 0 4 8 12 15 19 21 23 25 25 25 25 23 21 19 15 12 8 4 0 -4 -8 -12 -15 -19 -21 -23 -25 -25 -25 -25 -23 -21 -19 -15 -12 -8 -4 0 0 4 8 12 15 19 21 23 25 25 25 25 23 21 19 15 12 8 4 0 -4 -8 -12 -15 -19 -21 -23 -25 -25 -25 -25 -23 -21 -19 -15 -12 -8 -4 0 0 4 8 12 16 19 22 24 26 26 26 26 24 22 19 16 12 8 4 0 -4 -8 -12 -16 -19 -22 -24 -26 -26 -26 -26 -24 -22 -19 -16 -12 -8 -4 0 0 4 9 13 17 20 23 25 27 27 27 27 25 23 20 17 13 9 4 0 -4 -9 -13 -17 -20 -23 -25 -27 -27 -27 -27 -25 -23 -20 -17 -13 -9 -4 0 0 4 9 13 17 21 24 26 28 28 28 28 26 24 21 17 13 9 4 0 -4 -9 -13 -17 -21 -24 -26 -28 -28 -28 -28 -26 -24 -21 -17 -13 -9 -4 0]; 

A = [5000 5000 5000 5000 5000 5000 5000 5000 5000 5000 5000 5000 5000 5000 5000 5000 5000 5000 5000 5000 5000 5000 5000 5000 5000 5000 5000 5000 5000 5000 5000 5000 5000 5000 5000 5000 5000 5000 5000 5000 5000 5000 5000 5000 5000 5000 5000 5000 5000 5000 5000 5000 5000 5000 5000 5000 5000 5000 5000 5000 5000 5000 5000 5000 5000 5000 5000 5000 5000 5000 5000 5000 5000 5000 5000 5000 5000 5000 5000 5000 5000 5000 5000 5000 5000 5000 5000 5000 5000 5000 5000 5000 5000 5000 5000 5000 5000 5000 5000 5000 5000 5000 5000 5000 5000 5000 5000 5000 5000 5000 5000 5000 5000 5000 5000 5000 5000 5000 5000 5000 5000 5000 5000 5000 5000 5000 5000 5000 5000 5000 5000 5000 5000 5000 5000 5000 5000 5000 5000 5000 5000 5000 5000 5000 5000 5000 5000 5000 5000 5000 5000 5000 5000 5000 5000 5000 5000 5000 5000 5000 5000 5000 5000 5000 5000 5000 5000 5000 5000 5000 5000 5000 5000 5000 5000 5000 5000 5000 5000 5000 5000 5000 5000 5000 5000 5000 5000 5000 5000 5000 5000 5000 5000 5000 5000 5000 5000 5000 5000 5000 5000 5000 5000 5000 5000 5000 5000 5000 5000 5000 5000 5000 5000 5000 5000 5000 5000 5000 5000 5000 5000 5000 5000 5000 5000 5000 5000 5000 5000 5000 5000 5000 5000 5000 5000 5000 5000 5000 5000 5000 5000 5000 5000 5000 5000 5000 5000 5000 5000 5000 5000 5000 5000 5000 5000 5000 5000 5000 5000 5000 5000 5000 5000 5000 5000 5000 5000 5000 5000 5000 5000 5000 5000 5000 5000 5000 5000 5000 5000 5000 5000 5000 5000 5000 5000 5000 5000 5000 5000 5000 5000 5000 5000 5000 5000 5000 5000 5000 5000 5000 5000 5000 5000 5000 5000 5000 5000 5000 5000 5000 5000 5000 5000 5000 5000 5000 5000 5000 5000 5000 5000 5000 5000 5000 5000 5000 5000 5000 5000 5000 5000 5000 5000 5000 5000 5000 5000 5000 5000 5000 5000 5000 5000 5000 5000 5000 5000 5000 5000 5000 5000 5000 5000 5000 5000 5000 5000 5000 5000 5000 5000 5000 5000 5000 5000 5000 5000 5000 5000 5000 5000 5000 5000 5000 5000 5000 5000 5000 5000 5000 5000 5000 5000 5000 5000 5000 5000 5000 5000 5000 5000 5000 5000 5000 5000 5000 5000 5000 5000 5000 5000 5000 5000 5000 5000 5000 5000 5000 5000 5000 5000 5000 5000 5000 5000 5000 5000 5000 5000 5000 5000 5000 5000 5000 5000 5000 5000 5000 5000 4940.03 5000 5000 5000 5000 5000 5000 5000 5000 5000 5000 5000 5000 5000 5000 5000 5000 5000 5000 5000 5000 5000 5000 5000 5000 5000 5000 5000 5000 5000 5000 5000 5000 5000 5000 5000 5000 5000 4890.99 4847.33 4892.95 5000 5000 5000 5000 5000 5000 5000 5000 5000 5000 5000 5000 5000 5000 5000 5000 5000 5000 5000 5000 5000 5000 5000 5000 5000 5000 5000 5000 5000 5000 5000 5000 5000 5000 5000 4861.81 4771.08 4738.46 4778.38 4874.26 5000 5000 5000 5000 5000 5000 5000 5000 5000 5000 5000 5000 5000 5000 5000 5000 5000 5000 5000 5000 5000 5000 5000 5000 5000 5000 5000 5000 5000 5000 5000 5000 5000 4843.61 4722.43 4645.62 4621.43 4659.86 4751.39 4879.43 5000 5000 5000 5000 5000 5000 5000 5000 5000 5000 5000 5000 5000 5000 5000 5000 5000 5000 5000 5000 5000 5000 5000 5000 5000 5000 5000 5000 5000 5000 5000 4832.65 4691.22 4583.66 4517.81 4500.44 4539.37 4630.13 4768.94 5000 5000 5000 5000 5000 5000 5000 5000 5000 5000 5000 5000 5000 5000 5000 5000 5000 5000 5000 5000 5000 5000 5000 5000 5000 5000 5000 5000 5000 5000 4826.83 4672.16 4543.06 4446.59 4389.61 4377.89 4418.05 4508.71 4650.02 4856.22 5000 5000 5000 5000 5000 5000 5000 5000 5000 5000 5000 5000 5000 5000 5000 5000 5000 5000 5000 5000 5000 5000 5000 5000 5000 5000 5000 5000 4824.95 4662.03 4517.99 4399.19 4311.91 4262.2 4255.18 4296.7 4387.26 4528.77 4730.82 5000 5000 5000 5000 5000 5000 5000 5000 5000 5000 5000 5000 5000 5000 5000 5000 5000 5000 5000 5000 5000 5000 5000 5000 5000 5000 5000 4826.71 4659.02 4504.69 4369.66 4259.56 4179.99 4136.33 4133.22 4175.95 4266.17 4406.59 4603.85 4853.07 5000 5000 5000 5000 5000 5000 5000 5000 5000 5000 5000 5000 5000 4912.48 5000 5000 5000 5000 5000 5000 5000 5000 5000 5000 5000 4833.39 4662.88 4501.06 4354.03 4226.74 4124.08 4051.04 4012.45 4012.59 4056.27 4145.83 4284.43 4477.75 4726.47 5000 5000 5000 5000 5000 5000 5000 5000 5000 5000 5000 5000 4884.66 4809 4871.29 5000 5000 5000 5000 5000 5000 5000 5000 5000 4852.85 4676.5 4507.11 4350.12 4209.39 4088.82 3992.61 3925.17 3890.86 3893.65 3937.99 4026.59 4162.86 4352.38 4603.89 5000 5000 5000 5000 5000 5000 5000 5000 5000 5000 5000 5000 4771.17 4696.24 4742.27 4856.39 5000 5000 5000 5000 5000 5000 5000 5000 4716.57 4527.13 4358.21 4205.39 4070.21 3955.56 3864.98 3802.38 3771.7 3776.67 3821.36 3908.72 4042.23 4227.31 4473.51 4816.71 5000 5000 5000 5000 5000 5000 5000 4918.14 5000 5000 4841.78 4648.52 4577.48 4613.14 4717.12 4861.46 5000 5000 5000 5000 5000 5000 4838.99 4578.04 4383.25 4215.21 4066.2 3936.02 3826.65 3741.04 3682.65 3655.06 3661.78 3706.56 3792.43 3922.85 4102.85 4340.86 4656.11 5000 5000 5000 5000 5000 5000 5000 4825.88 5000 5000 4694.16 4521.03 4455.04 4484.19 4580.95 4730.03 5000 5000 5000 5000 5000 5000 4694.38 4440.33 4243.89 4077.36 3932 3806.4 3701.8 3620.63 3565.93 3540.99 3549.08 3593.7 3677.88 3804.95 3979.43 4208.09 4500.54 4816.79 5000 5000 5000 5000 5000 4856.9 4710.08 4799.47 4775.6 4542.68 4390.81 4330.6 4355.72 4446.81 4594.95 4836.46 5000 5000 5000 5000 4845.03 4552.24 4304.3 4108.48 3944.08 3802.32 3680.99 3580.75 3503.58 3452.16 3429.47 3438.63 3482.87 3565.18 3688.72 3857.43 4076.45 4349.99 4651.24 5000 5000 5000 5000 5000 4720.29 4582.12 4615.91 4576.18 4391.88 4259.58 4205.36 4228.03 4314.35 4458.94 4685.71 5000 5000 5000 5000 4706.84 4413.01 4170.38 3976.66 3814.95 3676.79 3559.51 3463.29 3389.75 3341.23 3320.47 3330.43 3374.11 3454.43 3574.32 3737.15 3946.65 4203.87 4489.41 4807.76 5000 5000 5000 4825.64 4579.9 4447.99 4444.92 4394.73 4243.89 4128.59 4080.19 4101.4 4183.51 4323.1 4535.39 4816.66 5000 5000 5000 4574.46 4276.16 4038.77 3848.2 3689.63 3555.09 3441.67 3349.21 3278.99 3233.07 3213.97 3224.48 3267.44 3345.66 3461.84 3618.81 3819.09 4061.84 4332.03 4630.98 5000 5000 5000 4662.65 4438.11 4311.29 4283.67 4226.75 4099.63 3998.72 3955.73 3976.08 4054.36 4188.21 4386.82 4646.68 5000 5000 5000 4439.52 4141.02 3909.55 3722.91 3567.84 3436.96 3327.26 3238.32 3171.16 3127.58 3109.9 3120.76 3162.87 3238.92 3351.36 3502.54 3694.03 3923.72 4179.07 4457.01 4760.94 4789.12 4768.53 4499.49 4296.21 4174.19 4130.29 4069.23 3959.42 3870.54 3832.45 3852.28 3927.02 4054.82 4240.49 4477.92 4762.25 4782.07 4740.77 4294.85 4007.26 3782.73 3600.63 3449.36 3322.16 3216.07 3130.46 3066.13 3024.68 3008.21 3019.22 3060.37 3134.21 3242.93 3388.45 3571.57 3789.35 4030.58 4288.1 4545.31 4588.63 4558.77 4338.91 4155.26 4038.03 3983.49 3920.13 3823.3 3744.43 3710.68 3730.17 3801.58 3923.31 4096.83 4312.93 4547.28 4575.45 4512.52 4147.16 3875.13 3658.37 3481.26 3333.99 3210.51 3107.91 3025.46 2963.78 2924.26 2908.83 2919.84 2959.93 3031.52 3136.57 3276.59 3451.79 3658.63 3886.58 4125.24 4347.89 4398.9 4365.83 4182.28 4016.09 3903.66 3842.38 3777.99 3691.16 3620.6 3590.64 3609.86 3678.15 3793.95 3956.21 4152.94 4350.12 4380.68 4307.29 4000.17 3745 3536.5 3364.68 3221.57 3101.81 3002.63 2923.2 2863.99 2826.25 2811.69 2822.54 2861.51 2930.84 3032.26 3166.98 3334.69 3531.45 3747.07 3968.74 4165.14 4219.56 4186.44 4030.26 3879.25 3771.58 3706.27 3641.78 3562.83 3499.19 3472.49 3491.46 3556.8 3666.93 3818.87 3998.44 4167.4 4197.39 4119.84 3855.86 3617.21 3417.16 3250.8 3111.96 2995.92 2900.07 2823.53 2766.67 2730.56 2716.75 2727.29 2765.07 2832.14 2930.01 3059.61 3220.25 3407.7 3611.94 3818.53 3994.56 4049.95 4018.3 3883.08 3745.12 3642.09 3574.67 3510.73 3438.13 3380.23 3356.32 3375.01 3437.58 3542.35 3684.91 3849.54 3996.71 4024.81 3946.62 3715.27 3492.04 3300.35 3139.54 3005.02 2892.69 2800.1 2726.35 2671.7 2637.1 2623.93 2634.01 2670.57 2735.39 2829.79 2954.45 3108.42 3287.26 3481.09 3674.39 3834.32 3889.3 3859.73 3740.77 3613.92 3515.35 3447.17 3384.25 3316.85 3263.76 3242.19 3260.56 3320.51 3420.27 3554.4 3706.15 3836.31 3862.06 3785.13 3578.9 3369.64 3186.07 3030.82 2900.65 2792.01 2702.6 2631.53 2578.99 2545.8 2533.16 2542.66 2577.96 2640.55 2731.56 2851.48 2999.15 3170.03 3354.34 3536.01 3683.04 3736.84 3709.48 3603.19 3485.75 3391.43 3323.45 3261.9 3198.83 3149.73 3130.12 3148.13 3205.61 3300.71 3427.3 3568.06 3684.84 3708.26 3633.55 3446.9 3250.09 3074.3 2924.55 2798.73 2693.74 2607.45 2538.98 2488.45 2456.58 2444.41 2453.16 2487.19 2547.58 2635.28 2750.65 2892.38 3055.88 3231.52 3403.05 3539.64 3591.88 3566.58 3470.18 3360.65 3270.32 3203.26 3143.31 3083.89 3038.12 3020.12 3037.71 3092.85 3183.66 3303.55 3434.99 3541.27 3562.6 3490.53 3319.26 3133.43 2965 2820.66 2699.16 2597.79 2514.56 2448.61 2399.99 2369.37 2357.6 2365.45 2398.21 2456.43 2540.92 2651.91 2788.01 2944.68 3112.45 3275.17 3403.27 3453.77 3430.24 3341.52 3238.59 3152.01 3086.37 3028.18 2971.88 2928.87 2912.16 2929.28 2982.23 3069.09 3183.06 3306.68 3404.75 3424.33 3355.02 3195.87 3019.61 2858.1 2719.06 2601.85 2504.06 2423.83 2360.31 2313.53 2284.09 2272.69 2279.46 2310.97 2367.06 2448.42 2555.2 2685.99 2836.31 2996.95 3152.03 3273.23 3321.93 3299.86 3216.99 3119.5 3036.42 2972.58 2916.29 2862.64 2821.91 2806.23 2822.82 2873.69 2956.94 3065.7 3182.84 3274.6 3292.8 3226.2 3076.53 2908.58 2753.55 2619.68 2506.7 2412.46 2335.17 2274 2229 2200.68 2189.63 2195.13 2225.42 2279.42 2357.73 2460.46 2586.21 2730.64 2884.81 3033.31 3148.97 3195.86 3174.9 3096.34 3003.29 2923.46 2861.73 2807.43 2756.06 2717.18 2702.28 2718.3 2767.21 2847.14 2951.35 3063.19 3150.25 3167.45 3103.43 2961.05 2800.26 2651.28 2522.43 2413.65 2322.89 2248.48 2189.62 2146.32 2119.08 2108.39 2112.38 2141.52 2193.47 2268.8 2367.63 2488.61 2627.55 2775.87 2918.73 3029.99 3075.11 3054.94 2979.37 2889.85 2813.05 2753.66 2701.42 2652.01 2614.6 2600.27 2615.68 2662.73 2739.63 2839.89 2947.48 3031.23 3047.78 2986.19 2849.22 2694.53 2551.21 2427.25 2322.6 2235.29 2163.7 2107.08 2065.42 2039.22 2028.93 ];


surf(meshX, meshY, meshZ),shading interp,colormap(jet(256)), lighting phong,colorbar,title 'Difusion del calor en un Alto Horno para Acero',zlabel('temperatura *C'),xlabel('X = R*cos(Theta)'), ylabel('Y = R*sin(theta)');