//radio exterior
30
//cantidad de angulos
16
//cantidad de radios(contando el centro)
16
//temperatura interior
5000
//temperatura infinito
30
//constante K
1
//constante H
0.05
//definicion de la funcion de temperatura. t(gk,k) = Ti, num angulo, num radio
10
9
8
7
6
5
4
4
5
6
7
8
9
10
11
10



X = [  0 0 0 0 0 0 0 0 0 0 0 0 0 0 0 0 1 0 0 0 0 0 0 0 0 0 0 0 0 0 0 1 3 2 2 0 0 -1 -2 -2 -2 -2 -1 0 0 2 2 3 5 4 3 1 0 -2 -4 -4 -4 -4 -2 0 1 3 4 5 7 6 4 2 0 -3 -5 -6 -6 -5 -3 0 2 4 6 7 9 8 6 2 0 -4 -7 -8 -8 -7 -4 0 2 6 8 9 11 10 7 3 -1 -5 -8 -10 -10 -8 -5 -1 3 7 10 11 13 11 8 4 -1 -6 -10 -12 -12 -10 -6 -1 4 8 11 13 15 13 10 4 -1 -7 -12 -14 -14 -12 -7 -1 4 10 13 15 16 14 10 4 -1 -7 -12 -15 -15 -12 -8 -1 4 10 14 16 18 16 12 5 -1 -8 -14 -17 -17 -14 -9 -1 5 12 16 18 20 18 13 6 -2 -9 -16 -19 -19 -16 -10 -2 6 13 18 20 22 20 14 6 -2 -10 -17 -21 -21 -17 -11 -2 6 14 20 22 24 21 16 7 -2 -11 -19 -23 -23 -19 -12 -2 7 16 21 24 26 23 17 8 -2 -12 -21 -25 -25 -21 -13 -2 8 17 23 26 28 25 18 8 -2 -13 -22 -27 -27 -22 -14 -2 8 18 25 28]; 

Y =[  0 0 0 0 0 0 0 0 0 0 0 0 0 0 0 0 0 0 0 0 0 0 0 0 0 0 0 0 0 0 0 0 0 1 2 2 2 2 1 0 0 -1 -2 -2 -2 -2 -1 0 0 2 3 4 4 4 2 1 -1 -2 -4 -4 -4 -3 -2 0 0 2 5 6 6 6 4 1 -1 -4 -6 -6 -6 -5 -2 0 0 3 6 8 8 7 5 1 -1 -5 -7 -8 -8 -6 -3 0 0 4 8 10 10 9 6 2 -2 -6 -9 -10 -10 -8 -4 0 0 5 9 12 12 11 7 2 -2 -7 -11 -12 -12 -9 -5 0 0 6 11 14 14 12 8 3 -3 -8 -12 -14 -14 -11 -6 0 0 6 11 15 15 13 9 3 -3 -9 -13 -15 -15 -11 -6 0 0 7 13 17 17 15 10 3 -3 -10 -15 -17 -17 -13 -7 0 0 8 14 19 19 17 11 4 -4 -11 -17 -19 -19 -14 -8 0 0 8 16 20 21 19 12 4 -4 -12 -19 -21 -20 -16 -8 0 0 9 17 22 23 20 14 4 -4 -14 -20 -23 -22 -17 -9 0 0 10 19 24 25 22 15 5 -5 -15 -22 -25 -24 -19 -10 0 0 11 20 26 27 24 16 5 -5 -16 -24 -27 -26 -20 -11 0]; 

A = [5000 5000 5000 5000 5000 5000 5000 5000 5000 5000 5000 5000 5000 5000 5000 5000 5000 5000 5000 5000 5000 5000 5000 5000 5000 5000 5000 5000 5000 5000 5000 5000 5000 5000 5000 5000 5000 5000 5000 5000 5000 5000 5000 5000 5000 5000 5000 5000 5000 5000 5000 5000 5000 5000 5000 5000 5000 5000 5000 5000 5000 5000 5000 5000 5000 5000 5000 5000 5000 5000 5000 5000 5000 5000 5000 5000 5000 5000 5000 5000 5000 5000 5000 5000 5000 5000 4672.72 4672.72 5000 5000 5000 5000 5000 5000 5000 5000 5000 5000 5000 5000 5000 4579.24 4326.01 4326 4579.24 5000 5000 5000 5000 5000 5000 5000 5000 5000 5000 5000 4554 4198.44 3991.47 3991.46 4198.42 4553.98 5000 5000 5000 5000 5000 5000 5000 5000 5000 4552.9 4159.75 3852.37 3677.33 3677.32 3852.34 4159.7 4552.82 5000 5000 5000 5000 5000 5000 5000 4558.76 4156.21 3806.09 3536.15 3384.72 3384.71 3536.12 3806.02 4156.07 4558.51 5000 5000 5000 5000 5000 4564.59 4163.44 3799.41 3485.31 3245.58 3112.5 3112.49 3245.54 3485.22 3799.2 4162.94 4563.53 5000 5000 5000 4567.44 4170.5 3805.25 3475.05 3191.79 2977.15 2858.88 2858.87 2977.11 3191.69 3474.79 3804.54 4168.38 4561.42 5000 4561.38 4172.29 3810.54 3477.74 3177.66 2921.27 2727.96 2621.97 2621.96 2727.92 2921.16 3177.38 3476.89 3807.59 4160.26 4498.04 4159.98 3808.85 3479.27 3176.06 2903.09 2670.45 2495.6 2400.03 2400.02 2495.57 2670.34 2902.8 3175.15 3475.87 3793.21 4068.35 3792.61 3472.53 3172.47 2896.42 2648.09 2436.71 2278.08 2191.5 2191.49 2278.04 2436.61 2647.81 2895.53 3169.03 3456.01 3692.84 3455.21 3159.57 2886.79 2635.83 2410.08 2217.91 2073.71 1995 1994.99 2073.68 2217.83 2409.83 2635.03 2883.66 3144.55 3359.86 3143.83 ];



[meshX,meshY] = meshgrid(X,Y);

meshZ=griddata(X ,Y,A,meshX,meshY);

surf(meshX, meshY, meshZ),shading interp,colormap(jet(256)), lighting phong,colorbar;

surf(meshX, meshY, meshZ),shading interp,colormap(jet(256)), lighting phong,colorbar,title 'Difusion del calor en un Alto Horno para Acero',zlabel('temperatura *C'),xlabel('X = R*cos(Theta)'), ylabel('Y = R*sin(theta)');