//radio exterior
30
//cantidad de angulos
29
//cantidad de radios(contando el centro)
29
//temperatura interior
5000
//temperatura infinito
30
//constante K
1
//constante H
0.05
//definicion de la funcion de temperatura. t(gk,k) = Ti, num angulo, num radio
10
11
12
13
14
15
16
17
18
19
20
19
18
17
16
14
12
14
16
17
18
19
20
18
17
15
13
12
10



X = [  0 0 0 0 0 0 0 0 0 0 0 0 0 0 0 0 0 0 0 0 0 0 0 0 0 0 0 0 0 1 0 0 0 0 0 0 0 0 0 0 0 0 0 -1 0 0 0 0 0 0 0 0 0 0 0 0 0 1 2 1 1 1 1 0 0 0 0 0 -1 -1 -1 -1 -2 -1 -1 -1 -1 0 0 0 0 0 1 1 1 1 2 3 2 2 2 1 1 0 0 0 -1 -1 -2 -2 -2 -3 -2 -2 -2 -1 -1 0 0 0 1 1 2 2 2 3 4 3 3 3 2 1 0 0 0 -1 -2 -3 -3 -3 -4 -3 -3 -3 -2 -1 0 0 0 1 2 3 3 3 4 5 4 4 3 3 2 1 0 -1 -2 -3 -3 -4 -4 -5 -4 -4 -3 -3 -2 -1 0 1 2 3 3 4 4 5 6 5 5 4 3 2 1 0 -1 -2 -3 -4 -5 -5 -6 -5 -5 -4 -3 -2 -1 0 1 2 3 4 5 5 6 7 6 6 5 4 3 1 0 -1 -3 -4 -5 -6 -6 -7 -6 -6 -5 -4 -3 -1 0 1 3 4 5 6 6 7 8 7 7 6 4 3 1 0 -1 -3 -4 -6 -7 -7 -8 -7 -7 -6 -4 -3 -1 0 1 3 4 6 7 7 8 9 8 8 7 5 3 2 0 -2 -3 -5 -7 -8 -8 -9 -8 -8 -7 -5 -3 -2 0 2 3 5 7 8 8 9 10 9 9 7 6 4 2 0 -2 -4 -6 -7 -9 -9 -10 -9 -9 -7 -6 -4 -2 0 2 4 6 7 9 9 10 11 10 9 8 6 4 2 0 -2 -4 -6 -8 -9 -10 -11 -10 -9 -8 -6 -4 -2 0 2 4 6 8 9 10 11 12 11 10 9 7 5 2 0 -2 -5 -7 -9 -10 -11 -12 -11 -10 -9 -7 -5 -2 0 2 5 7 9 10 11 12 13 12 11 10 8 5 2 0 -2 -5 -8 -10 -11 -12 -13 -12 -11 -10 -8 -5 -2 0 2 5 8 10 11 12 13 14 13 12 10 8 6 3 0 -3 -6 -8 -10 -12 -13 -14 -13 -12 -10 -8 -6 -3 0 3 6 8 10 12 13 14 15 14 13 11 9 6 3 0 -3 -6 -9 -11 -13 -14 -15 -14 -13 -11 -9 -6 -3 0 3 6 9 11 13 14 15 16 15 14 12 9 6 3 0 -3 -6 -9 -12 -14 -15 -16 -15 -14 -12 -9 -6 -3 0 3 6 9 12 14 15 16 17 16 15 13 10 7 3 0 -3 -7 -10 -13 -15 -16 -17 -16 -15 -13 -10 -7 -3 0 3 7 10 13 15 16 17 18 17 16 14 11 7 4 0 -4 -7 -11 -14 -16 -17 -18 -17 -16 -14 -11 -7 -4 0 4 7 11 14 16 17 18 19 18 17 14 11 8 4 0 -4 -8 -11 -14 -17 -18 -19 -18 -17 -14 -11 -8 -4 0 4 8 11 14 17 18 19 20 19 18 15 12 8 4 0 -4 -8 -12 -15 -18 -19 -20 -19 -18 -15 -12 -8 -4 0 4 8 12 15 18 19 20 21 20 18 16 13 9 4 0 -4 -9 -13 -16 -18 -20 -21 -20 -18 -16 -13 -9 -4 0 4 9 13 16 18 20 21 22 21 19 17 13 9 4 0 -4 -9 -13 -17 -19 -21 -22 -21 -19 -17 -13 -9 -4 0 4 9 13 17 19 21 22 23 22 20 17 14 9 5 0 -5 -9 -14 -17 -20 -22 -23 -22 -20 -17 -14 -9 -5 0 5 9 14 17 20 22 23 24 23 21 18 14 10 5 0 -5 -10 -14 -18 -21 -23 -24 -23 -21 -18 -14 -10 -5 0 5 10 14 18 21 23 24 25 24 22 19 15 10 5 0 -5 -10 -15 -19 -22 -24 -25 -24 -22 -19 -15 -10 -5 0 5 10 15 19 22 24 25 26 25 23 20 16 11 5 0 -5 -11 -16 -20 -23 -25 -26 -25 -23 -20 -16 -11 -5 0 5 11 16 20 23 25 26 27 26 24 21 16 11 6 0 -6 -11 -16 -21 -24 -26 -27 -26 -24 -21 -16 -11 -6 0 6 11 16 21 24 26 27 28 27 25 21 17 12 6 0 -6 -12 -17 -21 -25 -27 -28 -27 -25 -21 -17 -12 -6 0 6 12 17 21 25 27 28]; 

Y =[  0 0 0 0 0 0 0 0 0 0 0 0 0 0 0 0 0 0 0 0 0 0 0 0 0 0 0 0 0 0 0 0 0 0 0 0 1 0 0 0 0 0 0 0 0 0 0 0 0 0 -1 0 0 0 0 0 0 0 0 0 0 1 1 1 1 2 1 1 1 1 0 0 0 0 0 -1 -1 -1 -1 -2 -1 -1 -1 -1 0 0 0 0 0 1 1 2 2 2 3 2 2 2 1 1 0 0 0 -1 -1 -2 -2 -2 -3 -2 -2 -2 -1 -1 0 0 0 0 1 2 3 3 3 4 3 3 3 2 1 0 0 0 -1 -2 -3 -3 -3 -4 -3 -3 -3 -2 -1 0 0 0 1 2 3 3 4 4 5 4 4 3 3 2 1 0 -1 -2 -3 -3 -4 -4 -5 -4 -4 -3 -3 -2 -1 0 0 1 2 3 4 5 5 6 5 5 4 3 2 1 0 -1 -2 -3 -4 -5 -5 -6 -5 -5 -4 -3 -2 -1 0 0 1 3 4 5 6 6 7 6 6 5 4 3 1 0 -1 -3 -4 -5 -6 -6 -7 -6 -6 -5 -4 -3 -1 0 0 1 3 4 6 7 7 8 7 7 6 4 3 1 0 -1 -3 -4 -6 -7 -7 -8 -7 -7 -6 -4 -3 -1 0 0 2 3 5 7 8 8 9 8 8 7 5 3 2 0 -2 -3 -5 -7 -8 -8 -9 -8 -8 -7 -5 -3 -2 0 0 2 4 6 7 9 9 10 9 9 7 6 4 2 0 -2 -4 -6 -7 -9 -9 -10 -9 -9 -7 -6 -4 -2 0 0 2 4 6 8 9 10 11 10 9 8 6 4 2 0 -2 -4 -6 -8 -9 -10 -11 -10 -9 -8 -6 -4 -2 0 0 2 5 7 9 10 11 12 11 10 9 7 5 2 0 -2 -5 -7 -9 -10 -11 -12 -11 -10 -9 -7 -5 -2 0 0 2 5 8 10 11 12 13 12 11 10 8 5 2 0 -2 -5 -8 -10 -11 -12 -13 -12 -11 -10 -8 -5 -2 0 0 3 6 8 10 12 13 14 13 12 10 8 6 3 0 -3 -6 -8 -10 -12 -13 -14 -13 -12 -10 -8 -6 -3 0 0 3 6 9 11 13 14 15 14 13 11 9 6 3 0 -3 -6 -9 -11 -13 -14 -15 -14 -13 -11 -9 -6 -3 0 0 3 6 9 12 14 15 16 15 14 12 9 6 3 0 -3 -6 -9 -12 -14 -15 -16 -15 -14 -12 -9 -6 -3 0 0 3 7 10 13 15 16 17 16 15 13 10 7 3 0 -3 -7 -10 -13 -15 -16 -17 -16 -15 -13 -10 -7 -3 0 0 4 7 11 14 16 17 18 17 16 14 11 7 4 0 -4 -7 -11 -14 -16 -17 -18 -17 -16 -14 -11 -7 -4 0 0 4 8 11 14 17 18 19 18 17 14 11 8 4 0 -4 -8 -11 -14 -17 -18 -19 -18 -17 -14 -11 -8 -4 0 0 4 8 12 15 18 19 20 19 18 15 12 8 4 0 -4 -8 -12 -15 -18 -19 -20 -19 -18 -15 -12 -8 -4 0 0 4 9 13 16 18 20 21 20 18 16 13 9 4 0 -4 -9 -13 -16 -18 -20 -21 -20 -18 -16 -13 -9 -4 0 0 4 9 13 17 19 21 22 21 19 17 13 9 4 0 -4 -9 -13 -17 -19 -21 -22 -21 -19 -17 -13 -9 -4 0 0 5 9 14 17 20 22 23 22 20 17 14 9 5 0 -5 -9 -14 -17 -20 -22 -23 -22 -20 -17 -14 -9 -5 0 0 5 10 14 18 21 23 24 23 21 18 14 10 5 0 -5 -10 -14 -18 -21 -23 -24 -23 -21 -18 -14 -10 -5 0 0 5 10 15 19 22 24 25 24 22 19 15 10 5 0 -5 -10 -15 -19 -22 -24 -25 -24 -22 -19 -15 -10 -5 0 0 5 11 16 20 23 25 26 25 23 20 16 11 5 0 -5 -11 -16 -20 -23 -25 -26 -25 -23 -20 -16 -11 -5 0 0 6 11 16 21 24 26 27 26 24 21 16 11 6 0 -6 -11 -16 -21 -24 -26 -27 -26 -24 -21 -16 -11 -6 0 0 6 12 17 21 25 27 28 27 25 21 17 12 6 0 -6 -12 -17 -21 -25 -27 -28 -27 -25 -21 -17 -12 -6 0]; 

A = [5000 5000 5000 5000 5000 5000 5000 5000 5000 5000 5000 5000 5000 5000 5000 5000 5000 5000 5000 5000 5000 5000 5000 5000 5000 5000 5000 5000 5000 5000 5000 5000 5000 5000 5000 5000 5000 5000 5000 5000 5000 5000 5000 5000 5000 5000 5000 5000 5000 5000 5000 5000 5000 5000 5000 5000 5000 5000 5000 5000 5000 5000 5000 5000 5000 5000 5000 5000 5000 5000 5000 5000 5000 5000 5000 5000 5000 5000 5000 5000 5000 5000 5000 5000 5000 5000 5000 5000 5000 5000 5000 5000 5000 5000 5000 5000 5000 5000 5000 5000 5000 5000 5000 5000 5000 5000 5000 5000 5000 5000 5000 5000 5000 5000 5000 5000 5000 5000 5000 5000 5000 5000 5000 5000 5000 5000 5000 5000 5000 5000 5000 5000 5000 5000 5000 5000 5000 5000 5000 5000 5000 5000 5000 5000 5000 5000 5000 5000 5000 5000 5000 5000 5000 5000 5000 5000 5000 5000 5000 5000 5000 5000 5000 5000 5000 5000 5000 5000 5000 5000 5000 5000 5000 5000 5000 5000 5000 5000 5000 5000 5000 5000 5000 5000 5000 5000 5000 5000 5000 5000 5000 5000 5000 5000 5000 5000 5000 5000 5000 5000 5000 5000 5000 5000 5000 5000 5000 5000 5000 5000 5000 5000 5000 5000 5000 5000 5000 5000 5000 5000 5000 5000 5000 5000 5000 5000 5000 5000 5000 5000 5000 5000 5000 5000 5000 5000 5000 5000 5000 5000 5000 5000 5000 5000 5000 5000 5000 5000 5000 5000 5000 5000 5000 5000 5000 5000 5000 5000 5000 5000 5000 5000 5000 5000 5000 5000 5000 5000 5000 5000 5000 5000 5000 5000 5000 5000 5000 5000 5000 5000 5000 5000 5000 5000 5000 5000 5000 5000 5000 5000 5000 5000 5000 5000 5000 5000 5000 5000 5000 5000 5000 5000 5000 5000 5000 5000 5000 5000 5000 5000 5000 5000 5000 5000 5000 5000 5000 5000 5000 4887.66 5000 5000 5000 5000 5000 5000 5000 5000 5000 5000 5000 5000 5000 5000 5000 5000 5000 5000 5000 5000 5000 5000 5000 5000 5000 5000 5000 4846.05 4745.99 4819.56 5000 5000 5000 5000 5000 5000 5000 5000 5000 5000 5000 5000 5000 5000 5000 5000 5000 5000 5000 5000 5000 5000 5000 5000 5000 5000 4696.61 4590.43 4638.36 4787.9 5000 5000 5000 5000 5000 5000 5000 5000 5000 5000 5000 5000 5000 4917.29 5000 5000 5000 5000 5000 5000 5000 5000 5000 5000 4775.01 4530.45 4427.41 4458.28 4584.24 4772.34 5000 5000 5000 5000 5000 5000 5000 5000 5000 5000 5000 5000 4820.09 5000 5000 5000 5000 5000 5000 5000 5000 5000 4797.8 4569.8 4359.23 4261.48 4280.73 4388.37 4556.65 4765.04 5000 5000 5000 5000 5000 5000 5000 5000 5000 5000 4826.5 4690.72 4826.46 5000 5000 5000 5000 5000 5000 5000 5000 4612.84 4377.35 4187.98 4095.54 4106.64 4199.81 4351.53 4543.22 4762.01 5000 5000 5000 5000 5000 5000 5000 5000 5000 4661 4544.28 4660.91 5000 5000 5000 5000 5000 5000 5000 4769.52 4425.85 4193.36 4018.97 3931.35 3936.61 4018.17 4155.92 4333.01 4537.3 4760.97 5000 5000 5000 5000 5000 5000 5000 4761.44 4487.35 4387.56 4487.2 4761.25 5000 5000 5000 5000 5000 5000 4562.87 4241.3 4016.04 3853.3 3769.97 3770.96 3843.06 3968.9 4133.17 4324.38 4534.87 4760.31 5000 5000 5000 5000 5000 4762.7 4539.52 4311.06 4225.37 4310.85 4539.14 4762.21 5000 5000 5000 5000 4739.34 4359.85 4060.51 3844.53 3691.52 3612.02 3609.83 3674.16 3789.76 3942.65 4122.02 4320.35 4533.01 4758.19 5000 5000 5000 4759.41 4537.65 4330.29 4135.18 4060.93 4134.91 4329.71 4536.67 4758.09 5000 5000 4767.11 4500.98 4162.84 3884.27 3678.42 3533.9 3457.82 3453.26 3511.11 3617.84 3760.6 3929.2 4116.28 4316.92 4528.13 4749.71 5000 4750.17 4530.37 4323.6 4131.34 3961.42 3896.4 3961.1 4130.59 4322.14 4527.71 4746.03 5000 4548.44 4279.41 3972.69 3713.02 3517.43 3380.53 3307.52 3301.2 3353.62 3452.59 3586.28 3745.03 3921.69 4111.08 4309.02 4510.41 4698.61 4511.24 4312.09 4119.48 3941.15 3790.76 3733.19 3790.39 3940.25 4117.59 4308.16 4502.87 4677.27 4330.98 4070.93 3789.54 3546.93 3361.37 3231.43 3161.15 3153.54 3201.38 3293.54 3419.04 3568.76 3735.74 3914.63 4100.17 4283.13 4429.72 4284.25 4103.89 3924.38 3758.67 3623.75 3572.2 3623.35 3757.64 3922.14 4098.87 4272.26 4395.05 4119.71 3873.41 3613.24 3385.98 3210.05 3086.54 3018.68 3010.15 3054.1 3140.25 3258.35 3399.75 3557.73 3726.82 3900.93 4067.79 4185.91 4069.11 3905.11 3737.55 3583.12 3460.66 3414.01 3460.23 3582.01 3735.04 3899.25 4054.36 4143.19 3916.77 3685.48 3443.5 3230.09 3063.3 2945.8 2880.01 2870.88 2911.53 2992.34 3103.7 3237.42 3387 3546.97 3710.65 3863.78 3962.15 3865.23 3715.12 3558.32 3413.92 3301.61 3258.96 3301.16 3412.76 3555.62 3708.66 3848.6 3914.98 3722.84 3506.15 3279.99 3079.11 2920.95 2809.09 2745.03 2735.57 2773.42 2849.46 2954.66 3081.26 3223.01 3374.47 3528.68 3670.29 3754.94 3671.82 3533.29 3386.09 3250.59 3146.61 3107.23 3146.16 3249.4 3383.3 3526.51 3654.14 3705.83 3537.9 3334.64 3122.36 2932.83 2782.81 2676.31 2613.58 2604.06 2639.53 2711.3 2810.86 2930.84 3065.25 3208.79 3354.42 3486.48 3561.74 3488.02 3359.03 3220.35 3092.71 2995.61 2958.91 2995.16 3091.53 3217.55 3352.17 3470.05 3512.54 3361.57 3170.29 2970.26 2791.06 2648.72 2547.34 2485.52 2476.19 2509.64 2577.58 2671.95 2785.74 2913.26 3049.41 3187.29 3311.54 3380.67 3313.04 3191.78 3060.64 2939.95 2848.51 2813.99 2848.07 2938.8 3057.91 3185.06 3295.41 3332.77 3193.28 3012.55 2823.35 2653.58 2518.49 2422.09 2360.66 2351.81 2383.56 2448.05 2537.61 2645.62 2766.66 2895.88 3026.75 3144.68 3210.29 3146.11 3031.01 2906.54 2791.98 2705.19 2672.43 2704.78 2790.89 2903.95 3024.63 3129.37 3164.84 3032.44 2860.89 2681.31 2520.18 2391.96 2300.46 ];


surf(meshX, meshY, meshZ),shading interp,colormap(jet(256)), lighting phong,colorbar,title 'Difusion del calor en un Alto Horno para Acero',zlabel('temperatura *C'),xlabel('X = R*cos(Theta)'), ylabel('Y = R*sin(theta)');